8.56e-05
8.23e-05
8.16e-05
8.17e-05
9.6e-05
9.57e-05
7.95e-05
7.92e-05
7.92e-05
7.93e-05
7.91e-05
7.89e-05
7.9e-05
7.9e-05
7.9399e-05
9.39e-05
7.68e-05
7.77e-05
7.68e-05
7.7e-05
7.89e-05
7.71e-05
0.000168
0.0001149
0.0001313
0.0001218
0.0001235
0.000123
0.0001238
0.0001233
0.0001435
0.0001302
0.0001201
0.000127
0.0001282
0.0001063
0.0001148
8.3e-05
0.0001028
8.95e-05
7.55e-05
7.56e-05
9.03e-05
7.69e-05
9.08e-05
7.53e-05
7.52e-05
7.48e-05
7.74e-05
7.29e-05
7.27e-05
7.26e-05
7.29e-05
7.25e-05
7.31e-05
7.27e-05
8.1899e-05
7.83e-05
8.69e-05
7.57e-05
7.11e-05
7.13e-05
7.09e-05
7.12e-05
7.12e-05
7.22e-05
7.13e-05
7.43e-05
7.43e-05
7.75e-05
0.0001152
0.0001069
7.71e-05
7.7e-05
7.71e-05
7.71e-05
9.39e-05
7.74e-05
7.75e-05
8.3e-05
7.75e-05
7.93e-05
7.73e-05
0.0001185
7.45e-05
7.48e-05
7.47e-05
7.48e-05
0.0001177
7.51e-05
7.49e-05
7.67e-05
7.49e-05
7.48e-05
7.48e-05
8.6e-05
7.52e-05
7.51e-05
8.9e-05
7.49e-05
